00000000000000000000000000000010
00000000000000000010000101010101
00000000001001110101010100010100
00000101010111110001010101010101
00000000101010101010101010101111
00000100010010010101110000001010
00000000000000001111111111111111
00000000000000001111111111111111
00000000000000001111100010100110
00000000000000001010101101110110
00000000000101011010011110101011
00000000000100000000000000000111
00000000000000101110000000010101
00000000000000000010101110101101
00000000000000000000000000000000
00000000000001101101010011110101
00000000000000000000000001100001
00000000000000110000101010101001
00000000000000000000010101010101
00000000000000001111111111111000
00000000000000000000000000000011
00000000000000000000000000000001
00000000000000001111100110100110
00000000000000000001010101010101
00000000000001101101010011110101
00000000000001000010101110010101
00000000000001101101111001010101
00000000000000000101010101110100
00000000000001001010101011110101
00000000000000000000000000010101
00000000000111101110000000000000
00000000000001101101010011110100