00000000001000000110011000000011
00000000000000000000000000000011
00000000000000000000000000000001
00000000000000000000000000000001 
00000000000000000000000100000000 
00000000000000000000000100000000
00000000000000111011111111010101
00000000000000000001111100100111
00000000000000101010101110101011
00000000000000000101010000000010
00000000000101011111101010101010
00000101011011110101000000000101
01101010101010101011010010110101
00000010101011110001101010101010
00000110101011000010101010101010
00000010101111011010101010011111
00000000000001010101010101101011
00000000000000000000111010101110
00000000000000000000000010101001
00000000000000001110101010101010
01010101011111010101010101011011
00000000000101010101101110101011
00000000111010101010101010101011
00000000000001110101010101010101
00000011010101010100000001010101
00000000000000001010101010010011
00110010010010110101010101001000
01101010101010101011101010101011
00000000101010101010111111101111
00000000000000000000010110101010
00000000010101010101010101010111
00000000000000000000000000000000